function df = gradFile(x)

df = [8500*x(1) - 1000*x(2) - 2500*x(3) - 1000
      3000*x(2) - 1000*x(1) - 500*x(3) - 2000
      11500*x(3) - 500*x(2) - 2500*x(1) - 3000];
