function f = funcFile(x)

f = 4250*x(1).^2 - 1000*x(1)*x(2) - 2500*x(1)*x(3) - 1000*x(1) + ...
    1500*x(2).^2 - 500*x(2)*x(3) - 2000*x(2) + 5750*x(3).^2 - 3000*x(3);